epoch 29 train_loss 0.7379 train_acc 67.89 train_fscore67.71 valid_loss 0 valid_acc 0 val_fscore0 test_loss 1.0048 test_acc 58.96 test_fscore 58.46 time 292.39
epoch 30 train_loss 0.7117 train_acc 69.56 train_fscore69.34 valid_loss 0 valid_acc 0 val_fscore0 test_loss 0.9895 test_acc 60.15 test_fscore 59.33 time 317.36
Test performance..
Loss 0.9895 accuracy 60.15
              precision    recall  f1-score   support

           0     0.3500    0.2917    0.3182      96.0
           1     0.6727    0.8222    0.7400     135.0
           2     0.6203    0.4249    0.5043     346.0
           3     0.7412    0.6898    0.7146     274.0
           4     0.5769    0.8491    0.6870     159.0
           5     0.5312    0.5939    0.5608     330.0

    accuracy                         0.6015    1340.0
   macro avg     0.5820    0.6119    0.5875    1340.0
weighted avg     0.6038    0.6015    0.5933    1340.0

[[ 28.  17.   4.   0.  44.   3.]
 [  9. 111.   1.   0.   0.  14.]
 [ 24.  21. 147.  11.  44.  99.]
 [  0.   2.  26. 189.   0.  57.]
 [ 15.   2.   6.   1. 135.   0.]
 [  4.  12.  53.  54.  11. 196.]]
              precision    recall  f1-score   support

           0     0.6667    0.7917    0.7238      96.0
           1     0.7425    0.9185    0.8212     135.0
           2     0.8110    0.6821    0.7410     346.0
           3     0.8699    0.8540    0.8619     274.0
           4     0.8111    0.9182    0.8614     159.0
           5     0.8182    0.7909    0.8043     330.0

    accuracy                         0.8037    1340.0
   macro avg     0.7866    0.8259    0.8023    1340.0
weighted avg     0.8076    0.8037    0.8024    1340.0

[[ 76.  13.   1.   0.   4.   2.]
 [  8. 124.   0.   0.   0.   3.]
 [ 20.  18. 236.  11.  23.  38.]
 [  0.   2.  23. 234.   0.  15.]
 [  6.   2.   4.   1. 146.   0.]
 [  4.   8.  27.  23.   7. 261.]]